2
1 1 0 1
0 -1

3
2 0 1 1
1 -1 1

5
1 0 1 1
4 -1 3

17
4 15 10 1
0 8 8

41
13 38 32 1
16 29 38

59
20 56 16 1
-29 -20 -12

71
28 34 53 1
-1 -34 -49

89
19 24 5 1
-68 -37 -42

101
31 18 82 1
82 77 24

131
109 15 92 1
52 112 129

167
133 54 163 1
118 8 9

173
107 112 51 1
123 91

293
247 199 167 1
138 246 254

383
89 353 5 1
46 299 -92

677
160 465 624 1
261 135 236

701
170 655 183 1
312 294 213

743
589 150 156 1
395 308 74

761
94 350 357 1
-44 -175 -11

773
415 308 394 1
659 102 441

827
516 825 782 1
506 317 519

839
42 155 778 1
522 540 759

857
391 276 128 1
694 230 755

911
885 135 626 1
414 301 882

1091
400 838 349 1
351 470 138

1097
276 519 638 1
218 567 601

1163
242 627 374 1
142 486 80

1181
58 873 849 1
1103 500 887

1193
1109 944 410 1
180 1167 288

1217
312 290 897 1
262 35 1134

1373
402 579 1117 1
863 69 1085

1427
514 1309 386 1
432 1354 269

1487
422 574 601 1
1055 48 351

1559
1380 1188 399 1
208 538 1421

1583
816 1146 605 1
1419 1123 562

1709
1024 1017 1460 1
709 412 5

1811
530 1419 1612 1
521 927 534

1847
651 1780 500 1
716 742 581

1931
1074 1239 133 1
1494 81 1543

1973
58 1670 307 1
783 1133 810

2129
365 1517 38 1
-1964 -1495 1667

2273
86 689 838 1
1779 838 2108

2309
1887 885 165 1
1178 838 1806

2339
1000 111 940 1
2144 1400 1079

2411
375 1440 1684 1
1330 799 1158

2663
696 34 1111 1
809 1361 1604

2729
101 2052 1142 1
2101 2710 981

2789
725 1700 1992 1
343 536 2531

2957
2621 2236 1938 1
1978 2312 2607

2969
1062 1123 2147 1
1937 1171 2487

3011
2369 2548 2446 1
1051 2227 696

3041
805 64 2201 1
2103 427 1100

3137
486 1184 2899 1
694 2503 79

3221
1282 2729 321 1
1250 2824 2886

3251
2190 2286 1036 1
1078 2723 752

3407
227 3274 613 1
67 2047 3187

3449
1797 2313 937 1
1272 333 2976

3491
2293 2980 2136 1
1378 1936 2797

3557
1437 3157 3011 1
3268 2858 1962

3671
3002 3313 2573 1
2684 1075 3490

3881
1653 1311 2740 1
132 2683 3161

3989
31 2597 2121 1
630 2346 1762

