3467 3288
179 142
3023 864
11 5
503 281
983 79
2579 1793
263 54
2879 2853
2903 1381
2447 149
2459 766
1367 1328
839 511
2999 934
83 70
2099 1203
3167 14
3203 866
2963 438
1823 1684
383 219
563 177
59 7
587 478
3803 1462
47 2
1439 805
23 18
1619 939
1907 947
3119 1604
2819 2746
1319 662
1523 1079
359 283
719 321
2039 86
2063 1432
1187 1168
3779 950
887 168
1307 1110
167 7
2207 361
1487 679
3863 3340
227 132
3623 2494
479 291
467 283
1019 664
863 123
107 85
2027 901
347 192
3947 2122
7 4
1283 1021
